# Created by Octave 4.0.3, Fri Jan 06 13:36:56 2017 GMT <unknown@Dell-Inspiron-5520-Taras>
# name: a
# type: matrix
# rows: 1
# columns: 3
 1 2 3


