function [E v rho] = GetSteel()
	E = 210000000000;
	v=0.3;
	rho=8000;
end